# 23 Sept 2014 - B.L. de Vries
# Soka-banja, LL4, Sample 1
# m = 8.5 mgr, KBr = 220 mgr (2scoops)
# Signal = 1500
# Resolution / sample scan time / bg scan time / range = 4 / 64 / 64 / 4000-300
# NOTES: 
# Source: glow-bar, Machine: Equinox 55, DTGS
# k(cm-1), absorbance
3999.64014,1.07097
3997.71167,1.07087
3995.78320,1.07078
3993.85474,1.07064
3991.92627,1.07051
3989.99780,1.07033
3988.06934,1.07006
3986.14087,1.06981
3984.21240,1.06968
3982.28394,1.06971
3980.35547,1.06977
3978.42700,1.06977
3976.49854,1.06971
3974.57007,1.06949
3972.64160,1.06913
3970.71313,1.06877
3968.78467,1.06847
3966.85620,1.06841
3964.92773,1.06863
3962.99927,1.06872
3961.07080,1.06841
3959.14233,1.06801
3957.21387,1.06782
3955.28540,1.06776
3953.35693,1.06782
3951.42847,1.06794
3949.50000,1.06771
3947.57153,1.06709
3945.64307,1.06713
3943.71460,1.06750
3941.78613,1.06678
3939.85767,1.06591
3937.92920,1.06593
3936.00073,1.06644
3934.07227,1.06699
3932.14380,1.06660
3930.21533,1.06533
3928.28687,1.06509
3926.35840,1.06575
3924.42993,1.06565
3922.50146,1.06504
3920.57300,1.06526
3918.64453,1.06550
3916.71606,1.06462
3914.78760,1.06362
3912.85913,1.06360
3910.93066,1.06394
3909.00220,1.06446
3907.07373,1.06561
3905.14526,1.06625
3903.21680,1.06492
3901.28833,1.06308
3899.35986,1.06179
3897.43140,1.06104
3895.50293,1.06180
3893.57446,1.06315
3891.64600,1.06274
3889.71753,1.06142
3887.78906,1.06220
3885.86060,1.06289
3883.93213,1.06171
3882.00366,1.06138
3880.07520,1.06092
3878.14673,1.06015
3876.21826,1.06128
3874.28979,1.06243
3872.36133,1.06243
3870.43286,1.06169
3868.50439,1.06007
3866.57593,1.06016
3864.64746,1.06083
3862.71899,1.05933
3860.79053,1.05829
3858.86206,1.05950
3856.93359,1.06191
3855.00513,1.06394
3853.07666,1.06077
3851.14819,1.05517
3849.21973,1.05539
3847.29126,1.05763
3845.36279,1.05953
3843.43433,1.06042
3841.50586,1.06057
3839.57739,1.06022
3837.64893,1.05812
3835.72046,1.05607
3833.79199,1.05612
3831.86353,1.05640
3829.93506,1.05639
3828.00659,1.05689
3826.07813,1.05726
3824.14966,1.05788
3822.22119,1.05867
3820.29272,1.05676
3818.36426,1.05534
3816.43579,1.05565
3814.50732,1.05420
3812.57886,1.05385
3810.65039,1.05567
3808.72192,1.05740
3806.79346,1.05672
3804.86499,1.05535
3802.93652,1.05600
3801.00806,1.05487
3799.07959,1.05262
3797.15112,1.05264
3795.22266,1.05244
3793.29419,1.05234
3791.36572,1.05308
3789.43726,1.05372
3787.50879,1.05418
3785.58032,1.05414
3783.65186,1.05347
3781.72339,1.05341
3779.79492,1.05316
3777.86646,1.05168
3775.93799,1.05117
3774.00952,1.05221
3772.08105,1.05343
3770.15259,1.05322
3768.22412,1.05172
3766.29565,1.05114
3764.36719,1.05107
3762.43872,1.05166
3760.51025,1.05281
3758.58179,1.05222
3756.65332,1.05106
3754.72485,1.05223
3752.79639,1.05437
3750.86792,1.05321
3748.93945,1.04937
3747.01099,1.04993
3745.08252,1.05091
3743.15405,1.04806
3741.22559,1.04715
3739.29712,1.04946
3737.36865,1.05164
3735.44019,1.05077
3733.51172,1.04701
3731.58325,1.04509
3729.65479,1.04609
3727.72632,1.04811
3725.79785,1.04901
3723.86938,1.04833
3721.94092,1.04752
3720.01245,1.04686
3718.08398,1.04660
3716.15552,1.04747
3714.22705,1.04946
3712.29858,1.05033
3710.37012,1.04703
3708.44165,1.04416
3706.51318,1.04475
3704.58472,1.04652
3702.65625,1.04725
3700.72778,1.04591
3698.79932,1.04507
3696.87085,1.04564
3694.94238,1.04656
3693.01392,1.04801
3691.08545,1.04931
3689.15698,1.04720
3687.22852,1.04355
3685.30005,1.04342
3683.37158,1.04503
3681.44312,1.04658
3679.51465,1.04809
3677.58618,1.04968
3675.65771,1.04817
3673.72925,1.04423
3671.80078,1.04477
3669.87231,1.04494
3667.94385,1.04218
3666.01538,1.04205
3664.08691,1.04355
3662.15845,1.04437
3660.22998,1.04492
3658.30151,1.04589
3656.37305,1.04586
3654.44458,1.04540
3652.51611,1.04757
3650.58765,1.05016
3648.65918,1.04665
3646.73071,1.04125
3644.80225,1.04146
3642.87378,1.04353
3640.94531,1.04487
3639.01685,1.04533
3637.08838,1.04581
3635.15991,1.04642
3633.23145,1.04716
3631.30298,1.04863
3629.37451,1.04861
3627.44604,1.04437
3625.51758,1.04320
3623.58911,1.04569
3621.66064,1.04841
3619.73218,1.04908
3617.80371,1.04730
3615.87524,1.04698
3613.94678,1.04796
3612.01831,1.04819
3610.08984,1.04854
3608.16138,1.04850
3606.23291,1.04775
3604.30444,1.04845
3602.37598,1.05009
3600.44751,1.05075
3598.51904,1.05079
3596.59058,1.05144
3594.66211,1.05166
3592.73364,1.05148
3590.80518,1.05277
3588.87671,1.05439
3586.94824,1.05296
3585.01978,1.05092
3583.09131,1.05187
3581.16284,1.05363
3579.23438,1.05457
3577.30591,1.05486
3575.37744,1.05508
3573.44897,1.05544
3571.52051,1.05645
3569.59204,1.05823
3567.66357,1.05871
3565.73511,1.05621
3563.80664,1.05491
3561.87817,1.05594
3559.94971,1.05696
3558.02124,1.05743
3556.09277,1.05813
3554.16431,1.05896
3552.23584,1.05907
3550.30737,1.05899
3548.37891,1.05973
3546.45044,1.06009
3544.52197,1.05923
3542.59351,1.05875
3540.66504,1.05935
3538.73657,1.06027
3536.80811,1.06065
3534.87964,1.06059
3532.95117,1.06103
3531.02271,1.06205
3529.09424,1.06275
3527.16577,1.06265
3525.23730,1.06239
3523.30884,1.06223
3521.38037,1.06220
3519.45190,1.06256
3517.52344,1.06298
3515.59497,1.06325
3513.66650,1.06375
3511.73804,1.06439
3509.80957,1.06450
3507.88110,1.06427
3505.95264,1.06465
3504.02417,1.06506
3502.09570,1.06458
3500.16724,1.06428
3498.23877,1.06478
3496.31030,1.06516
3494.38184,1.06516
3492.45337,1.06530
3490.52490,1.06566
3488.59644,1.06584
3486.66797,1.06581
3484.73950,1.06607
3482.81104,1.06642
3480.88257,1.06625
3478.95410,1.06598
3477.02563,1.06610
3475.09717,1.06623
3473.16870,1.06625
3471.24023,1.06642
3469.31177,1.06664
3467.38330,1.06675
3465.45483,1.06691
3463.52637,1.06721
3461.59790,1.06734
3459.66943,1.06726
3457.74097,1.06735
3455.81250,1.06746
3453.88403,1.06738
3451.95557,1.06735
3450.02710,1.06761
3448.09863,1.06774
3446.17017,1.06731
3444.24170,1.06698
3442.31323,1.06692
3440.38477,1.06672
3438.45630,1.06658
3436.52783,1.06658
3434.59937,1.06651
3432.67090,1.06635
3430.74243,1.06612
3428.81396,1.06590
3426.88550,1.06579
3424.95703,1.06571
3423.02856,1.06547
3421.10010,1.06495
3419.17163,1.06434
3417.24316,1.06394
3415.31470,1.06363
3413.38623,1.06316
3411.45776,1.06258
3409.52930,1.06210
3407.60083,1.06174
3405.67236,1.06138
3403.74390,1.06089
3401.81543,1.06029
3399.88696,1.05970
3397.95850,1.05916
3396.03003,1.05871
3394.10156,1.05834
3392.17310,1.05775
3390.24463,1.05703
3388.31616,1.05653
3386.38770,1.05608
3384.45923,1.05545
3382.53076,1.05477
3380.60229,1.05409
3378.67383,1.05344
3376.74536,1.05284
3374.81689,1.05207
3372.88843,1.05109
3370.95996,1.05012
3369.03149,1.04928
3367.10303,1.04851
3365.17456,1.04779
3363.24609,1.04713
3361.31763,1.04641
3359.38916,1.04571
3357.46069,1.04512
3355.53223,1.04451
3353.60376,1.04375
3351.67529,1.04295
3349.74683,1.04217
3347.81836,1.04149
3345.88989,1.04080
3343.96143,1.04000
3342.03296,1.03921
3340.10449,1.03859
3338.17603,1.03806
3336.24756,1.03746
3334.31909,1.03678
3332.39063,1.03617
3330.46216,1.03567
3328.53369,1.03514
3326.60522,1.03453
3324.67676,1.03392
3322.74829,1.03342
3320.81982,1.03298
3318.89136,1.03253
3316.96289,1.03206
3315.03442,1.03151
3313.10596,1.03086
3311.17749,1.03014
3309.24902,1.02944
3307.32056,1.02888
3305.39209,1.02848
3303.46362,1.02813
3301.53516,1.02780
3299.60669,1.02749
3297.67822,1.02708
3295.74976,1.02657
3293.82129,1.02603
3291.89282,1.02549
3289.96436,1.02512
3288.03589,1.02493
3286.10742,1.02464
3284.17896,1.02425
3282.25049,1.02387
3280.32202,1.02351
3278.39355,1.02316
3276.46509,1.02273
3274.53662,1.02218
3272.60815,1.02166
3270.67969,1.02128
3268.75122,1.02106
3266.82275,1.02093
3264.89429,1.02076
3262.96582,1.02050
3261.03735,1.02021
3259.10889,1.01987
3257.18042,1.01948
3255.25195,1.01900
3253.32349,1.01845
3251.39502,1.01791
3249.46655,1.01745
3247.53809,1.01705
3245.60962,1.01669
3243.68115,1.01633
3241.75269,1.01605
3239.82422,1.01581
3237.89575,1.01543
3235.96729,1.01485
3234.03882,1.01426
3232.11035,1.01388
3230.18188,1.01367
3228.25342,1.01340
3226.32495,1.01293
3224.39648,1.01243
3222.46802,1.01213
3220.53955,1.01185
3218.61108,1.01138
3216.68262,1.01092
3214.75415,1.01059
3212.82568,1.01024
3210.89722,1.00983
3208.96875,1.00941
3207.04028,1.00902
3205.11182,1.00864
3203.18335,1.00820
3201.25488,1.00778
3199.32642,1.00745
3197.39795,1.00707
3195.46948,1.00658
3193.54102,1.00611
3191.61255,1.00566
3189.68408,1.00524
3187.75562,1.00484
3185.82715,1.00445
3183.89868,1.00410
3181.97021,1.00384
3180.04175,1.00362
3178.11328,1.00324
3176.18481,1.00273
3174.25635,1.00228
3172.32788,1.00189
3170.39941,1.00154
3168.47095,1.00129
3166.54248,1.00104
3164.61401,1.00068
3162.68555,1.00031
3160.75708,1.00000
3158.82861,0.99962
3156.90015,0.99909
3154.97168,0.99854
3153.04321,0.99814
3151.11475,0.99784
3149.18628,0.99756
3147.25781,0.99729
3145.32935,0.99696
3143.40088,0.99656
3141.47241,0.99609
3139.54395,0.99564
3137.61548,0.99539
3135.68701,0.99535
3133.75854,0.99516
3131.83008,0.99469
3129.90161,0.99429
3127.97314,0.99405
3126.04468,0.99378
3124.11621,0.99343
3122.18774,0.99302
3120.25928,0.99262
3118.33081,0.99228
3116.40234,0.99192
3114.47388,0.99158
3112.54541,0.99133
3110.61694,0.99110
3108.68848,0.99081
3106.76001,0.99051
3104.83154,0.99030
3102.90308,0.99010
3100.97461,0.98976
3099.04614,0.98938
3097.11768,0.98913
3095.18921,0.98883
3093.26074,0.98837
3091.33228,0.98792
3089.40381,0.98764
3087.47534,0.98744
3085.54688,0.98713
3083.61841,0.98676
3081.68994,0.98641
3079.76147,0.98602
3077.83301,0.98564
3075.90454,0.98549
3073.97607,0.98546
3072.04761,0.98530
3070.11914,0.98496
3068.19067,0.98459
3066.26221,0.98424
3064.33374,0.98386
3062.40527,0.98353
3060.47681,0.98331
3058.54834,0.98304
3056.61987,0.98262
3054.69141,0.98222
3052.76294,0.98197
3050.83447,0.98178
3048.90601,0.98148
3046.97754,0.98112
3045.04907,0.98085
3043.12061,0.98060
3041.19214,0.98029
3039.26367,0.98005
3037.33521,0.97983
3035.40674,0.97953
3033.47827,0.97926
3031.54980,0.97901
3029.62134,0.97876
3027.69287,0.97860
3025.76440,0.97840
3023.83594,0.97811
3021.90747,0.97776
3019.97900,0.97738
3018.05054,0.97710
3016.12207,0.97689
3014.19360,0.97662
3012.26514,0.97630
3010.33667,0.97601
3008.40820,0.97588
3006.47974,0.97586
3004.55127,0.97578
3002.62280,0.97558
3000.69434,0.97538
2998.76587,0.97520
2996.83740,0.97498
2994.90894,0.97468
2992.98047,0.97431
2991.05200,0.97404
2989.12354,0.97396
2987.19507,0.97395
2985.26660,0.97380
2983.33813,0.97343
2981.40967,0.97299
2979.48120,0.97272
2977.55273,0.97265
2975.62427,0.97262
2973.69580,0.97253
2971.76733,0.97243
2969.83887,0.97231
2967.91040,0.97215
2965.98193,0.97191
2964.05347,0.97166
2962.12500,0.97153
2960.19653,0.97150
2958.26807,0.97143
2956.33960,0.97124
2954.41113,0.97096
2952.48267,0.97065
2950.55420,0.97041
2948.62573,0.97015
2946.69727,0.96984
2944.76880,0.96956
2942.84033,0.96943
2940.91187,0.96946
2938.98340,0.96958
2937.05493,0.96968
2935.12646,0.96971
2933.19800,0.96966
2931.26953,0.96951
2929.34106,0.96930
2927.41260,0.96916
2925.48413,0.96910
2923.55566,0.96899
2921.62720,0.96867
2919.69873,0.96810
2917.77026,0.96737
2915.84180,0.96667
2913.91333,0.96609
2911.98486,0.96559
2910.05640,0.96515
2908.12793,0.96474
2906.19946,0.96427
2904.27100,0.96377
2902.34253,0.96334
2900.41406,0.96297
2898.48560,0.96256
2896.55713,0.96210
2894.62866,0.96169
2892.70020,0.96136
2890.77173,0.96107
2888.84326,0.96076
2886.91479,0.96039
2884.98633,0.96000
2883.05786,0.95968
2881.12939,0.95940
2879.20093,0.95909
2877.27246,0.95875
2875.34399,0.95840
2873.41553,0.95810
2871.48706,0.95794
2869.55859,0.95786
2867.63013,0.95771
2865.70166,0.95748
2863.77319,0.95722
2861.84473,0.95695
2859.91626,0.95672
2857.98779,0.95659
2856.05933,0.95646
2854.13086,0.95617
2852.20239,0.95582
2850.27393,0.95541
2848.34546,0.95493
2846.41699,0.95446
2844.48853,0.95399
2842.56006,0.95345
2840.63159,0.95288
2838.70313,0.95239
2836.77466,0.95199
2834.84619,0.95161
2832.91772,0.95121
2830.98926,0.95080
2829.06079,0.95049
2827.13232,0.95027
2825.20386,0.95000
2823.27539,0.94963
2821.34692,0.94928
2819.41846,0.94900
2817.48999,0.94872
2815.56152,0.94840
2813.63306,0.94806
2811.70459,0.94769
2809.77612,0.94734
2807.84766,0.94703
2805.91919,0.94673
2803.99072,0.94644
2802.06226,0.94612
2800.13379,0.94577
2798.20532,0.94546
2796.27686,0.94524
2794.34839,0.94499
2792.41992,0.94459
2790.49146,0.94413
2788.56299,0.94381
2786.63452,0.94364
2784.70605,0.94349
2782.77759,0.94324
2780.84912,0.94293
2778.92065,0.94264
2776.99219,0.94233
2775.06372,0.94203
2773.13525,0.94173
2771.20679,0.94142
2769.27832,0.94114
2767.34985,0.94091
2765.42139,0.94069
2763.49292,0.94045
2761.56445,0.94016
2759.63599,0.93982
2757.70752,0.93947
2755.77905,0.93915
2753.85059,0.93887
2751.92212,0.93854
2749.99365,0.93814
2748.06519,0.93778
2746.13672,0.93754
2744.20825,0.93736
2742.27979,0.93709
2740.35132,0.93673
2738.42285,0.93637
2736.49438,0.93607
2734.56592,0.93581
2732.63745,0.93558
2730.70898,0.93535
2728.78052,0.93508
2726.85205,0.93477
2724.92358,0.93449
2722.99512,0.93424
2721.06665,0.93394
2719.13818,0.93356
2717.20972,0.93322
2715.28125,0.93298
2713.35278,0.93274
2711.42432,0.93245
2709.49585,0.93215
2707.56738,0.93187
2705.63892,0.93164
2703.71045,0.93135
2701.78198,0.93096
2699.85352,0.93058
2697.92505,0.93029
2695.99658,0.93000
2694.06812,0.92972
2692.13965,0.92951
2690.21118,0.92932
2688.28271,0.92906
2686.35425,0.92874
2684.42578,0.92837
2682.49731,0.92799
2680.56885,0.92765
2678.64038,0.92738
2676.71191,0.92712
2674.78345,0.92688
2672.85498,0.92665
2670.92651,0.92642
2668.99805,0.92612
2667.06958,0.92576
2665.14111,0.92542
2663.21265,0.92513
2661.28418,0.92485
2659.35571,0.92451
2657.42725,0.92416
2655.49878,0.92386
2653.57031,0.92361
2651.64185,0.92335
2649.71338,0.92300
2647.78491,0.92265
2645.85645,0.92236
2643.92798,0.92210
2641.99951,0.92188
2640.07104,0.92166
2638.14258,0.92140
2636.21411,0.92107
2634.28564,0.92072
2632.35718,0.92046
2630.42871,0.92021
2628.50024,0.91990
2626.57178,0.91952
2624.64331,0.91916
2622.71484,0.91885
2620.78638,0.91860
2618.85791,0.91833
2616.92944,0.91805
2615.00098,0.91776
2613.07251,0.91745
2611.14404,0.91714
2609.21558,0.91683
2607.28711,0.91651
2605.35864,0.91619
2603.43018,0.91589
2601.50171,0.91560
2599.57324,0.91532
2597.64478,0.91502
2595.71631,0.91471
2593.78784,0.91445
2591.85938,0.91422
2589.93091,0.91395
2588.00244,0.91365
2586.07397,0.91333
2584.14551,0.91302
2582.21704,0.91272
2580.28857,0.91244
2578.36011,0.91215
2576.43164,0.91186
2574.50317,0.91159
2572.57471,0.91134
2570.64624,0.91106
2568.71777,0.91073
2566.78931,0.91042
2564.86084,0.91013
2562.93237,0.90978
2561.00391,0.90939
2559.07544,0.90906
2557.14697,0.90881
2555.21851,0.90854
2553.29004,0.90825
2551.36157,0.90793
2549.43311,0.90759
2547.50464,0.90726
2545.57617,0.90695
2543.64771,0.90667
2541.71924,0.90639
2539.79077,0.90608
2537.86230,0.90575
2535.93384,0.90546
2534.00537,0.90522
2532.07690,0.90496
2530.14844,0.90470
2528.21997,0.90441
2526.29150,0.90408
2524.36304,0.90376
2522.43457,0.90344
2520.50610,0.90313
2518.57764,0.90280
2516.64917,0.90252
2514.72070,0.90230
2512.79224,0.90209
2510.86377,0.90179
2508.93530,0.90139
2507.00684,0.90102
2505.07837,0.90074
2503.14990,0.90050
2501.22144,0.90024
2499.29297,0.89997
2497.36450,0.89965
2495.43604,0.89932
2493.50757,0.89900
2491.57910,0.89870
2489.65063,0.89843
2487.72217,0.89817
2485.79370,0.89792
2483.86523,0.89762
2481.93677,0.89729
2480.00830,0.89694
2478.07983,0.89657
2476.15137,0.89625
2474.22290,0.89601
2472.29443,0.89573
2470.36597,0.89541
2468.43750,0.89517
2466.50903,0.89494
2464.58057,0.89463
2462.65210,0.89430
2460.72363,0.89400
2458.79517,0.89371
2456.86670,0.89341
2454.93823,0.89310
2453.00977,0.89278
2451.08130,0.89248
2449.15283,0.89216
2447.22437,0.89181
2445.29590,0.89146
2443.36743,0.89119
2441.43896,0.89096
2439.51050,0.89069
2437.58203,0.89036
2435.65356,0.89004
2433.72510,0.88979
2431.79663,0.88954
2429.86816,0.88927
2427.93970,0.88895
2426.01123,0.88863
2424.08276,0.88833
2422.15430,0.88803
2420.22583,0.88770
2418.29736,0.88736
2416.36890,0.88708
2414.44043,0.88683
2412.51196,0.88658
2410.58350,0.88627
2408.65503,0.88592
2406.72656,0.88558
2404.79810,0.88526
2402.86963,0.88496
2400.94116,0.88467
2399.01270,0.88439
2397.08423,0.88411
2395.15576,0.88385
2393.22729,0.88358
2391.29883,0.88330
2389.37036,0.88306
2387.44189,0.88289
2385.51343,0.88287
2383.58496,0.88303
2381.65649,0.88327
2379.72803,0.88347
2377.79956,0.88358
2375.87109,0.88366
2373.94263,0.88368
2372.01416,0.88355
2370.08569,0.88323
2368.15723,0.88280
2366.22876,0.88235
2364.30029,0.88179
2362.37183,0.88094
2360.44336,0.87978
2358.51489,0.87859
2356.58643,0.87743
2354.65796,0.87623
2352.72949,0.87513
2350.80103,0.87517
2348.87256,0.87693
2346.94409,0.87910
2345.01563,0.87955
2343.08716,0.87817
2341.15869,0.87693
2339.23022,0.87626
2337.30176,0.87575
2335.37329,0.87532
2333.44482,0.87504
2331.51636,0.87475
2329.58789,0.87421
2327.65942,0.87368
2325.73096,0.87338
2323.80249,0.87309
2321.87402,0.87253
2319.94556,0.87187
2318.01709,0.87141
2316.08862,0.87118
2314.16016,0.87100
2312.23169,0.87070
2310.30322,0.87035
2308.37476,0.87004
2306.44629,0.86978
2304.51782,0.86954
2302.58936,0.86935
2300.66089,0.86918
2298.73242,0.86896
2296.80396,0.86865
2294.87549,0.86829
2292.94702,0.86793
2291.01855,0.86760
2289.09009,0.86731
2287.16162,0.86704
2285.23315,0.86678
2283.30469,0.86657
2281.37622,0.86639
2279.44775,0.86615
2277.51929,0.86583
2275.59082,0.86552
2273.66235,0.86522
2271.73389,0.86490
2269.80542,0.86457
2267.87695,0.86427
2265.94849,0.86399
2264.02002,0.86371
2262.09155,0.86344
2260.16309,0.86316
2258.23462,0.86286
2256.30615,0.86259
2254.37769,0.86233
2252.44922,0.86203
2250.52075,0.86172
2248.59229,0.86142
2246.66382,0.86113
2244.73535,0.86084
2242.80688,0.86055
2240.87842,0.86026
2238.94995,0.85997
2237.02148,0.85968
2235.09302,0.85937
2233.16455,0.85905
2231.23608,0.85873
2229.30762,0.85844
2227.37915,0.85815
2225.45068,0.85784
2223.52222,0.85755
2221.59375,0.85733
2219.66528,0.85711
2217.73682,0.85682
2215.80835,0.85651
2213.87988,0.85621
2211.95142,0.85590
2210.02295,0.85561
2208.09448,0.85533
2206.16602,0.85503
2204.23755,0.85474
2202.30908,0.85448
2200.38062,0.85421
2198.45215,0.85389
2196.52368,0.85355
2194.59521,0.85323
2192.66675,0.85298
2190.73828,0.85274
2188.80981,0.85250
2186.88135,0.85226
2184.95288,0.85203
2183.02441,0.85177
2181.09595,0.85148
2179.16748,0.85117
2177.23901,0.85088
2175.31055,0.85062
2173.38208,0.85036
2171.45361,0.85009
2169.52515,0.84982
2167.59668,0.84955
2165.66821,0.84927
2163.73975,0.84897
2161.81128,0.84869
2159.88281,0.84841
2157.95435,0.84815
2156.02588,0.84791
2154.09741,0.84769
2152.16895,0.84749
2150.24048,0.84725
2148.31201,0.84696
2146.38354,0.84664
2144.45508,0.84633
2142.52661,0.84605
2140.59814,0.84579
2138.66968,0.84554
2136.74121,0.84532
2134.81274,0.84509
2132.88428,0.84485
2130.95581,0.84460
2129.02734,0.84432
2127.09888,0.84403
2125.17041,0.84373
2123.24194,0.84343
2121.31348,0.84316
2119.38501,0.84294
2117.45654,0.84277
2115.52808,0.84255
2113.59961,0.84226
2111.67114,0.84195
2109.74268,0.84165
2107.81421,0.84135
2105.88574,0.84107
2103.95728,0.84081
2102.02881,0.84059
2100.10034,0.84037
2098.17188,0.84012
2096.24341,0.83984
2094.31494,0.83961
2092.38647,0.83941
2090.45801,0.83916
2088.52954,0.83885
2086.60107,0.83859
2084.67261,0.83838
2082.74414,0.83818
2080.81567,0.83794
2078.88721,0.83764
2076.95874,0.83735
2075.03027,0.83708
2073.10181,0.83682
2071.17334,0.83659
2069.24487,0.83644
2067.31641,0.83634
2065.38794,0.83608
2063.45947,0.83567
2061.53101,0.83535
2059.60254,0.83508
2057.67407,0.83479
2055.74561,0.83454
2053.81714,0.83435
2051.88867,0.83419
2049.96021,0.83398
2048.03174,0.83370
2046.10327,0.83343
2044.17480,0.83323
2042.24634,0.83297
2040.31787,0.83258
2038.38940,0.83228
2036.46094,0.83213
2034.53247,0.83201
2032.60400,0.83187
2030.67554,0.83171
2028.74707,0.83149
2026.81860,0.83122
2024.89014,0.83096
2022.96167,0.83077
2021.03320,0.83073
2019.10474,0.83072
2017.17627,0.83037
2015.24780,0.82990
2013.31934,0.82977
2011.39087,0.82975
2009.46240,0.82954
2007.53394,0.82922
2005.60547,0.82897
2003.67700,0.82879
2001.74854,0.82862
1999.82007,0.82840
1997.89160,0.82818
1995.96313,0.82817
1994.03467,0.82821
1992.10620,0.82768
1990.17773,0.82690
1988.24927,0.82655
1986.32080,0.82639
1984.39233,0.82629
1982.46387,0.82621
1980.53540,0.82603
1978.60693,0.82577
1976.67847,0.82552
1974.75000,0.82530
1972.82153,0.82509
1970.89307,0.82505
1968.96460,0.82503
1967.03613,0.82452
1965.10767,0.82385
1963.17920,0.82369
1961.25073,0.82367
1959.32227,0.82349
1957.39380,0.82329
1955.46533,0.82303
1953.53687,0.82273
1951.60840,0.82256
1949.67993,0.82250
1947.75146,0.82249
1945.82300,0.82257
1943.89453,0.82235
1941.96606,0.82134
1940.03760,0.82061
1938.10913,0.82074
1936.18066,0.82090
1934.25220,0.82076
1932.32373,0.82052
1930.39526,0.82029
1928.46680,0.82011
1926.53833,0.82017
1924.60986,0.82017
1922.68140,0.81954
1920.75293,0.81906
1918.82446,0.81882
1916.89600,0.81798
1914.96753,0.81759
1913.03906,0.81803
1911.11060,0.81821
1909.18213,0.81768
1907.25366,0.81705
1905.32520,0.81686
1903.39673,0.81680
1901.46826,0.81661
1899.53979,0.81653
1897.61133,0.81657
1895.68286,0.81625
1893.75439,0.81579
1891.82593,0.81578
1889.89746,0.81536
1887.96899,0.81439
1886.04053,0.81416
1884.11206,0.81426
1882.18359,0.81409
1880.25513,0.81388
1878.32666,0.81365
1876.39819,0.81342
1874.46973,0.81339
1872.54126,0.81395
1870.61279,0.81443
1868.68433,0.81308
1866.75586,0.81105
1864.82739,0.81091
1862.89893,0.81162
1860.97046,0.81188
1859.04199,0.81169
1857.11353,0.81144
1855.18506,0.81135
1853.25659,0.81138
1851.32813,0.81156
1849.39966,0.81192
1847.47119,0.81239
1845.54272,0.81218
1843.61426,0.81024
1841.68579,0.80912
1839.75732,0.80991
1837.82886,0.81053
1835.90039,0.81038
1833.97192,0.81070
1832.04346,0.81149
1830.11499,0.81093
1828.18652,0.80955
1826.25806,0.80933
1824.32959,0.80896
1822.40112,0.80857
1820.47266,0.80899
1818.54419,0.80928
1816.61572,0.80910
1814.68726,0.80920
1812.75879,0.80944
1810.83032,0.80891
1808.90186,0.80806
1806.97339,0.80801
1805.04492,0.80862
1803.11646,0.80919
1801.18799,0.80876
1799.25952,0.80777
1797.33105,0.80784
1795.40259,0.80896
1793.47412,0.80932
1791.54565,0.80742
1789.61719,0.80634
1787.68872,0.80755
1785.76025,0.80866
1783.83179,0.80889
1781.90332,0.80897
1779.97485,0.80876
1778.04639,0.80892
1776.11792,0.81024
1774.18945,0.81143
1772.26099,0.81014
1770.33252,0.80799
1768.40405,0.80769
1766.47559,0.80830
1764.54712,0.80948
1762.61865,0.80984
1760.69019,0.80864
1758.76172,0.80812
1756.83325,0.80785
1754.90479,0.80785
1752.97632,0.80902
1751.04785,0.80916
1749.11938,0.80683
1747.19092,0.80521
1745.26245,0.80528
1743.33398,0.80572
1741.40552,0.80568
1739.47705,0.80504
1737.54858,0.80565
1735.62012,0.80709
1733.69165,0.80502
1731.76318,0.80197
1729.83472,0.80207
1727.90625,0.80282
1725.97778,0.80368
1724.04932,0.80423
1722.12085,0.80497
1720.19238,0.80677
1718.26392,0.80722
1716.33545,0.80342
1714.40698,0.80110
1712.47852,0.80205
1710.55005,0.80374
1708.62158,0.80531
1706.69312,0.80574
1704.76465,0.80519
1702.83618,0.80607
1700.90771,0.80672
1698.97925,0.80469
1697.05078,0.80295
1695.12231,0.80169
1693.19385,0.80240
1691.26538,0.80462
1689.33691,0.80611
1687.40845,0.80757
1685.47998,0.80849
1683.55151,0.80486
1681.62305,0.80266
1679.69458,0.80450
1677.76611,0.80682
1675.83765,0.80769
1673.90918,0.80738
1671.98071,0.80819
1670.05225,0.80814
1668.12378,0.80657
1666.19531,0.80772
1664.26685,0.80983
1662.33838,0.80986
1660.40991,0.80952
1658.48145,0.81130
1656.55298,0.81445
1654.62451,0.81634
1652.69604,0.81146
1650.76758,0.80984
1648.83911,0.81315
1646.91064,0.81310
1644.98218,0.81072
1643.05371,0.81187
1641.12524,0.81427
1639.19678,0.81661
1637.26831,0.81766
1635.33984,0.81438
1633.41138,0.81231
1631.48291,0.81419
1629.55444,0.81604
1627.62598,0.81633
1625.69751,0.81632
1623.76904,0.81573
1621.84058,0.81456
1619.91211,0.81539
1617.98364,0.81618
1616.05518,0.81347
1614.12671,0.81161
1612.19824,0.81240
1610.26978,0.81285
1608.34131,0.81213
1606.41284,0.81136
1604.48438,0.81102
1602.55591,0.81052
1600.62744,0.80986
1598.69897,0.80955
1596.77051,0.80933
1594.84204,0.80867
1592.91357,0.80789
1590.98511,0.80740
1589.05664,0.80703
1587.12817,0.80670
1585.19971,0.80642
1583.27124,0.80608
1581.34277,0.80603
1579.41431,0.80684
1577.48584,0.80688
1575.55737,0.80374
1573.62891,0.80256
1571.70044,0.80422
1569.77197,0.80404
1567.84351,0.80224
1565.91504,0.80225
1563.98657,0.80339
1562.05811,0.80571
1560.12964,0.80731
1558.20117,0.80120
1556.27271,0.79782
1554.34424,0.79932
1552.41577,0.80056
1550.48730,0.80106
1548.55884,0.80141
1546.63037,0.80276
1544.70190,0.80439
1542.77344,0.80484
1540.84497,0.80190
1538.91650,0.79714
1536.98804,0.79838
1535.05957,0.80104
1533.13110,0.80083
1531.20264,0.80010
1529.27417,0.80153
1527.34570,0.80263
1525.41724,0.80265
1523.48877,0.80299
1521.56030,0.80205
1519.63184,0.80073
1517.70337,0.80081
1515.77490,0.80064
1513.84644,0.80127
1511.91797,0.80320
1509.98950,0.80551
1508.06104,0.80550
1506.13257,0.79962
1504.20410,0.79877
1502.27563,0.80175
1500.34717,0.80421
1498.41870,0.80467
1496.49023,0.80314
1494.56177,0.80301
1492.63330,0.80508
1490.70483,0.80639
1488.77637,0.80470
1486.84790,0.80345
1484.91943,0.80449
1482.99097,0.80595
1481.06250,0.80683
1479.13403,0.80773
1477.20557,0.80911
1475.27710,0.81023
1473.34863,0.80955
1471.42017,0.80794
1469.49170,0.80900
1467.56323,0.81145
1465.63477,0.81252
1463.70630,0.81214
1461.77783,0.81343
1459.84937,0.81611
1457.92090,0.81631
1455.99243,0.81261
1454.06396,0.81263
1452.13550,0.81475
1450.20703,0.81635
1448.27856,0.81669
1446.35010,0.81639
1444.42163,0.81683
1442.49316,0.81783
1440.56470,0.81914
1438.63623,0.82047
1436.70776,0.82013
1434.77930,0.81919
1432.85083,0.82022
1430.92236,0.82138
1428.99390,0.82158
1427.06543,0.82224
1425.13696,0.82334
1423.20850,0.82422
1421.28003,0.82532
1419.35156,0.82551
1417.42310,0.82435
1415.49463,0.82474
1413.56616,0.82617
1411.63770,0.82717
1409.70923,0.82789
1407.78076,0.82884
1405.85229,0.82954
1403.92383,0.82976
1401.99536,0.83061
1400.06689,0.83176
1398.13843,0.83224
1396.20996,0.83227
1394.28149,0.83210
1392.35303,0.83270
1390.42456,0.83445
1388.49609,0.83596
1386.56763,0.83641
1384.63916,0.83704
1382.71069,0.83825
1380.78223,0.83928
1378.85376,0.84011
1376.92529,0.84101
1374.99683,0.84139
1373.06836,0.84124
1371.13989,0.84178
1369.21143,0.84278
1367.28296,0.84368
1365.35449,0.84479
1363.42603,0.84543
1361.49756,0.84515
1359.56909,0.84543
1357.64063,0.84654
1355.71216,0.84763
1353.78369,0.84847
1351.85522,0.84932
1349.92676,0.85016
1347.99829,0.85095
1346.06982,0.85180
1344.14136,0.85285
1342.21289,0.85408
1340.28442,0.85496
1338.35596,0.85528
1336.42749,0.85595
1334.49902,0.85713
1332.57056,0.85834
1330.64209,0.85943
1328.71362,0.86046
1326.78516,0.86149
1324.85669,0.86258
1322.92822,0.86372
1320.99976,0.86488
1319.07129,0.86590
1317.14282,0.86687
1315.21436,0.86797
1313.28589,0.86907
1311.35742,0.87014
1309.42896,0.87130
1307.50049,0.87250
1305.57202,0.87376
1303.64355,0.87506
1301.71509,0.87632
1299.78662,0.87752
1297.85815,0.87870
1295.92969,0.87991
1294.00122,0.88119
1292.07275,0.88264
1290.14429,0.88420
1288.21582,0.88574
1286.28735,0.88721
1284.35889,0.88869
1282.43042,0.89023
1280.50195,0.89180
1278.57349,0.89337
1276.64502,0.89494
1274.71655,0.89663
1272.78809,0.89843
1270.85962,0.90020
1268.93115,0.90194
1267.00269,0.90372
1265.07422,0.90551
1263.14575,0.90727
1261.21729,0.90903
1259.28882,0.91089
1257.36035,0.91290
1255.43188,0.91503
1253.50342,0.91720
1251.57495,0.91938
1249.64648,0.92158
1247.71802,0.92382
1245.78955,0.92611
1243.86108,0.92848
1241.93262,0.93092
1240.00415,0.93338
1238.07568,0.93586
1236.14722,0.93841
1234.21875,0.94103
1232.29028,0.94371
1230.36182,0.94645
1228.43335,0.94926
1226.50488,0.95217
1224.57642,0.95520
1222.64795,0.95834
1220.71948,0.96153
1218.79102,0.96479
1216.86255,0.96819
1214.93408,0.97178
1213.00562,0.97554
1211.07715,0.97946
1209.14868,0.98352
1207.22021,0.98771
1205.29175,0.99201
1203.36328,0.99638
1201.43481,1.00078
1199.50635,1.00521
1197.57788,1.00981
1195.64941,1.01454
1193.72095,1.01933
1191.79248,1.02421
1189.86401,1.02921
1187.93555,1.03428
1186.00708,1.03938
1184.07861,1.04457
1182.15015,1.04983
1180.22168,1.05506
1178.29321,1.06022
1176.36475,1.06534
1174.43628,1.07053
1172.50781,1.07587
1170.57935,1.08122
1168.65088,1.08636
1166.72241,1.09130
1164.79395,1.09617
1162.86548,1.10102
1160.93701,1.10576
1159.00854,1.11033
1157.08008,1.11482
1155.15161,1.11926
1153.22314,1.12371
1151.29468,1.12823
1149.36621,1.13278
1147.43774,1.13725
1145.50928,1.14167
1143.58081,1.14619
1141.65234,1.15079
1139.72388,1.15518
1137.79541,1.15920
1135.86694,1.16302
1133.93848,1.16719
1132.01001,1.17211
1130.08154,1.17765
1128.15308,1.18351
1126.22461,1.18966
1124.29614,1.19587
1122.36768,1.20141
1120.43921,1.20573
1118.51074,1.20874
1116.58228,1.21091
1114.65381,1.21300
1112.72534,1.21569
1110.79688,1.21938
1108.86841,1.22418
1106.93994,1.23014
1105.01147,1.23704
1103.08301,1.24465
1101.15454,1.25278
1099.22607,1.26126
1097.29761,1.26997
1095.36914,1.27852
1093.44067,1.28666
1091.51221,1.29437
1089.58374,1.30164
1087.65527,1.30837
1085.72681,1.31446
1083.79834,1.32016
1081.86987,1.32565
1079.94141,1.33096
1078.01294,1.33604
1076.08447,1.34103
1074.15601,1.34601
1072.22754,1.35094
1070.29907,1.35595
1068.37061,1.36093
1066.44214,1.36570
1064.51367,1.37014
1062.58521,1.37444
1060.65674,1.37846
1058.72827,1.38189
1056.79980,1.38466
1054.87134,1.38667
1052.94287,1.38826
1051.01440,1.38969
1049.08594,1.39044
1047.15747,1.38994
1045.22900,1.38858
1043.30054,1.38750
1041.37207,1.38746
1039.44360,1.38865
1037.51514,1.39106
1035.58667,1.39455
1033.65820,1.39875
1031.72974,1.40340
1029.80127,1.40866
1027.87280,1.41448
1025.94434,1.42064
1024.01587,1.42698
1022.08740,1.43359
1020.15894,1.44049
1018.23047,1.44761
1016.30200,1.45493
1014.37354,1.46228
1012.44507,1.46969
1010.51660,1.47729
1008.58813,1.48491
1006.65967,1.49223
1004.73120,1.49924
1002.80273,1.50598
1000.87427,1.51197
998.94580,1.51660
997.01733,1.51958
995.08887,1.52121
993.16040,1.52219
991.23193,1.52336
989.30347,1.52543
987.37500,1.52890
985.44653,1.53372
983.51807,1.53913
981.58960,1.54455
979.66113,1.54946
977.73267,1.55370
975.80420,1.55775
973.87573,1.56103
971.94727,1.56176
970.01880,1.55830
968.09033,1.55017
966.16187,1.53785
964.23340,1.52257
962.30493,1.50619
960.37646,1.49066
958.44800,1.47765
956.51953,1.46902
954.59106,1.46762
952.66260,1.47600
950.73413,1.49277
948.80566,1.51117
946.87720,1.52367
944.94873,1.52794
943.02026,1.52632
941.09180,1.52214
939.16333,1.51837
937.23486,1.51660
935.30640,1.51678
933.37793,1.51855
931.44946,1.52171
929.52100,1.52583
927.59253,1.53036
925.66406,1.53462
923.73560,1.53786
921.80713,1.53956
919.87866,1.53971
917.95020,1.53867
916.02173,1.53693
914.09326,1.53544
912.16479,1.53531
910.23633,1.53697
908.30786,1.54067
906.37939,1.54683
904.45093,1.55576
902.52246,1.56726
900.59399,1.58081
898.66553,1.59586
896.73706,1.61173
894.80859,1.62762
892.88013,1.64318
890.95166,1.65822
889.02319,1.67215
887.09473,1.68384
885.16626,1.69143
883.23779,1.69305
881.30933,1.68866
879.38086,1.67920
877.45239,1.66492
875.52393,1.64620
873.59546,1.62460
871.66699,1.60197
869.73853,1.57904
867.81006,1.55623
865.88159,1.53380
863.95313,1.51164
862.02466,1.48999
860.09619,1.46881
858.16772,1.44770
856.23926,1.42658
854.31079,1.40564
852.38232,1.38436
850.45386,1.36228
848.52539,1.34007
846.59692,1.31942
844.66846,1.30353
842.73999,1.29583
840.81152,1.29704
838.88306,1.30313
836.95459,1.30681
835.02612,1.30218
833.09766,1.28830
831.16919,1.26865
829.24072,1.24718
827.31226,1.22597
825.38379,1.20543
823.45532,1.18568
821.52686,1.16695
819.59839,1.14907
817.66992,1.13213
815.74146,1.11644
813.81299,1.10184
811.88452,1.08794
809.95605,1.07473
808.02759,1.06233
806.09912,1.05067
804.17065,1.03961
802.24219,1.02896
800.31372,1.01868
798.38525,1.00874
796.45679,0.99906
794.52832,0.98951
792.59985,0.98000
790.67139,0.97073
788.74292,0.96184
786.81445,0.95314
784.88599,0.94441
782.95752,0.93569
781.02905,0.92709
779.10059,0.91858
777.17212,0.91021
775.24365,0.90207
773.31519,0.89421
771.38672,0.88659
769.45825,0.87927
767.52979,0.87226
765.60132,0.86561
763.67285,0.85922
761.74438,0.85285
759.81592,0.84648
757.88745,0.84028
755.95898,0.83435
754.03052,0.82881
752.10205,0.82407
750.17358,0.82042
748.24512,0.81794
746.31665,0.81651
744.38818,0.81547
742.45972,0.81398
740.53125,0.81206
738.60278,0.81059
736.67432,0.81024
734.74585,0.81082
732.81738,0.81167
730.88892,0.81251
728.96045,0.81335
727.03198,0.81347
725.10352,0.81153
723.17505,0.80695
721.24658,0.80006
719.31812,0.79199
717.38965,0.78424
715.46118,0.77747
713.53271,0.77162
711.60425,0.76662
709.67578,0.76245
707.74731,0.75910
705.81885,0.75647
703.89038,0.75452
701.96191,0.75327
700.03345,0.75272
698.10498,0.75300
696.17651,0.75435
694.24805,0.75691
692.31958,0.76059
690.39111,0.76497
688.46265,0.76931
686.53418,0.77269
684.60571,0.77464
682.67725,0.77544
680.74878,0.77571
678.82031,0.77564
676.89185,0.77483
674.96338,0.77285
673.03491,0.77019
671.10645,0.76808
669.17798,0.76664
667.24951,0.76678
665.32104,0.77020
663.39258,0.77610
661.46411,0.78422
659.53564,0.79435
657.60718,0.80626
655.67871,0.81972
653.75024,0.83424
651.82178,0.84895
649.89331,0.86307
647.96484,0.87607
646.03638,0.88736
644.10791,0.89621
642.17944,0.90178
640.25098,0.90397
638.32251,0.90354
636.39404,0.90180
634.46558,0.90001
632.53711,0.89933
630.60864,0.90043
628.68018,0.90352
626.75171,0.90867
624.82324,0.91573
622.89478,0.92466
620.96631,0.93539
619.03784,0.94816
617.10938,0.96285
615.18091,0.97829
613.25244,0.99344
611.32397,1.00813
609.39551,1.02243
607.46704,1.03615
605.53857,1.04909
603.61011,1.06076
601.68164,1.07115
599.75317,1.08075
597.82471,1.08910
595.89624,1.09574
593.96777,1.10017
592.03931,1.10143
590.11084,1.09918
588.18237,1.09395
586.25391,1.08590
584.32544,1.07570
582.39697,1.06500
580.46851,1.05460
578.54004,1.04573
576.61157,1.03983
574.68311,1.03746
572.75464,1.03820
570.82617,1.04158
568.89771,1.04786
566.96924,1.05649
565.04077,1.06651
563.11230,1.07699
561.18384,1.08746
559.25537,1.09833
557.32690,1.10999
555.39844,1.12290
553.46997,1.13777
551.54150,1.15565
549.61304,1.17705
547.68457,1.20141
545.75610,1.22663
543.82764,1.24907
541.89917,1.26682
539.97070,1.28060
538.04224,1.29193
536.11377,1.30136
534.18530,1.30878
532.25684,1.31473
530.32837,1.32023
528.39990,1.32757
526.47144,1.33898
524.54297,1.35410
522.61450,1.37034
520.68604,1.38561
518.75757,1.39835
516.82910,1.40807
514.90063,1.41478
512.97217,1.41790
511.04370,1.41881
509.11523,1.41923
507.18677,1.41944
505.25830,1.42031
503.32983,1.42210
501.40137,1.42381
499.47290,1.42464
497.54443,1.42371
495.61597,1.41903
493.68750,1.40734
491.75903,1.38733
489.83057,1.36296
487.90210,1.33741
485.97363,1.31020
484.04517,1.28242
482.11670,1.25642
480.18823,1.23289
478.25977,1.21168
476.33130,1.19366
474.40283,1.17909
472.47437,1.16689
470.54590,1.15814
468.61743,1.15263
466.68896,1.14857
464.76050,1.14606
462.83203,1.14434
460.90356,1.14214
458.97510,1.13950
457.04663,1.13718
455.11816,1.13633
453.18970,1.13566
451.26123,1.13380
449.33276,1.13201
447.40430,1.13235
445.47583,1.13571
443.54736,1.14107
441.61890,1.14748
439.69043,1.15473
437.76196,1.16409
435.83350,1.17756
433.90503,1.19276
431.97656,1.20746
430.04810,1.22325
428.11963,1.23973
426.19116,1.25606
424.26270,1.27206
422.33423,1.28512
420.40576,1.29617
418.47729,1.31233
416.54883,1.33084
414.62036,1.34709
412.69189,1.36302
410.76343,1.37489
408.83496,1.37891
406.90649,1.37809
404.97803,1.37584
403.04956,1.37030
401.12109,1.36116
399.19263,1.34387
397.26416,1.31409
395.33569,1.29780
393.40723,1.29350
391.47876,1.28068
389.55029,1.25980
387.62183,1.24005
385.69336,1.21633
383.76489,1.18730
381.83643,1.17074
379.90796,1.16289
377.97949,1.15059
376.05103,1.12954
374.12256,1.12120
372.19409,1.13393
370.26563,1.14311
368.33716,1.14884
366.40869,1.15390
364.48022,1.15866
362.55176,1.16182
360.62329,1.14453
358.69482,1.10637
356.76636,1.07734
354.83789,1.05793
352.90942,1.03473
350.98096,1.06316
349.05249,1.12013
347.12402,1.12231
345.19556,1.20688
343.26709,1.20501
341.33862,1.00241
339.41016,0.78072
337.48169,0.62520
335.55322,0.36621
333.62476,0.27557
331.69629,0.32640
329.76782,0.40423
327.83936,0.48338
325.91089,0.60424
323.98242,0.95305
322.05396,0.97900
320.12549,1.04024
318.19702,0.48374
316.26855,0.29805
314.34009,0.35115
312.41162,0.39973
310.48315,0.44253
308.55469,0.56994
306.62622,0.66881
304.69775,0.86230
302.76929,0.69039
300.84082,0.61640
