# 23 Sept 2014 - B.L. de Vries
# Ensisheim, LL6, Sample 1
# m = 2.6 mgr, KBr = 105 mgr (3scoops)
# Signal = 1750
# Resolution / sample scan time / bg scan time / range = 4 / 64 / 64 / 4000-300
# NOTES: grinded again
# Source: glow-bar, Machine: Equinox 55, DTGS
# k(cm-1), absorbance
3999.64014,1.05408
3997.71167,1.05415
3995.78320,1.05410
3993.85474,1.05369
3991.92627,1.05320
3989.99780,1.05270
3988.06934,1.05234
3986.14087,1.05241
3984.21240,1.05258
3982.28394,1.05235
3980.35547,1.05189
3978.42700,1.05175
3976.49854,1.05188
3974.57007,1.05164
3972.64160,1.05116
3970.71313,1.05082
3968.78467,1.05048
3966.85620,1.05042
3964.92773,1.05077
3962.99927,1.05072
3961.07080,1.05002
3959.14233,1.04961
3957.21387,1.04949
3955.28540,1.04934
3953.35693,1.04969
3951.42847,1.05037
3949.50000,1.05005
3947.57153,1.04858
3945.64307,1.04830
3943.71460,1.04871
3941.78613,1.04754
3939.85767,1.04656
3937.92920,1.04716
3936.00073,1.04836
3934.07227,1.04936
3932.14380,1.04843
3930.21533,1.04601
3928.28687,1.04578
3926.35840,1.04723
3924.42993,1.04691
3922.50146,1.04562
3920.57300,1.04615
3918.64453,1.04649
3916.71606,1.04441
3914.78760,1.04266
3912.85913,1.04334
3910.93066,1.04467
3909.00220,1.04618
3907.07373,1.04875
3905.14526,1.04990
3903.21680,1.04666
3901.28833,1.04239
3899.35986,1.03971
3897.43140,1.03908
3895.50293,1.04192
3893.57446,1.04554
3891.64600,1.04439
3889.71753,1.04118
3887.78906,1.04280
3885.86060,1.04417
3883.93213,1.04218
3882.00366,1.04183
3880.07520,1.04001
3878.14673,1.03835
3876.21826,1.04139
3874.28979,1.04392
3872.36133,1.04375
3870.43286,1.04149
3868.50439,1.03768
3866.57593,1.03837
3864.64746,1.04008
3862.71899,1.03756
3860.79053,1.03642
3858.86206,1.03949
3856.93359,1.04475
3855.00513,1.04824
3853.07666,1.03903
3851.14819,1.02797
3849.21973,1.03020
3847.29126,1.03584
3845.36279,1.03996
3843.43433,1.04136
3841.50586,1.04120
3839.57739,1.04001
3837.64893,1.03579
3835.72046,1.03265
3833.79199,1.03329
3831.86353,1.03398
3829.93506,1.03438
3828.00659,1.03552
3826.07813,1.03613
3824.14966,1.03805
3822.22119,1.03996
3820.29272,1.03502
3818.36426,1.03166
3816.43579,1.03168
3814.50732,1.02889
3812.57886,1.02940
3810.65039,1.03385
3808.72192,1.03749
3806.79346,1.03613
3804.86499,1.03430
3802.93652,1.03590
3801.00806,1.03259
3799.07959,1.02844
3797.15112,1.02912
3795.22266,1.02880
3793.29419,1.02890
3791.36572,1.03063
3789.43726,1.03199
3787.50879,1.03295
3785.58032,1.03272
3783.65186,1.03138
3781.72339,1.03174
3779.79492,1.03143
3777.86646,1.02836
3775.93799,1.02759
3774.00952,1.02997
3772.08105,1.03250
3770.15259,1.03193
3768.22412,1.02895
3766.29565,1.02749
3764.36719,1.02717
3762.43872,1.02895
3760.51025,1.03133
3758.58179,1.02959
3756.65332,1.02763
3754.72485,1.03068
3752.79639,1.03482
3750.86792,1.03137
3748.93945,1.02406
3747.01099,1.02563
3745.08252,1.02657
3743.15405,1.02095
3741.22559,1.02101
3739.29712,1.02703
3737.36865,1.03151
3735.44019,1.02819
3733.51172,1.01992
3731.58325,1.01730
3729.65479,1.02038
3727.72632,1.02454
3725.79785,1.02568
3723.86938,1.02376
3721.94092,1.02196
3720.01245,1.02099
3718.08398,1.02150
3716.15552,1.02421
3714.22705,1.02830
3712.29858,1.02900
3710.37012,1.02187
3708.44165,1.01710
3706.51318,1.01897
3704.58472,1.02289
3702.65625,1.02427
3700.72778,1.02150
3698.79932,1.02027
3696.87085,1.02186
3694.94238,1.02403
3693.01392,1.02699
3691.08545,1.02877
3689.15698,1.02331
3687.22852,1.01638
3685.30005,1.01699
3683.37158,1.02080
3681.44312,1.02419
3679.51465,1.02711
3677.58618,1.02971
3675.65771,1.02576
3673.72925,1.01873
3671.80078,1.02057
3669.87231,1.02020
3667.94385,1.01510
3666.01538,1.01607
3664.08691,1.01972
3662.15845,1.02188
3660.22998,1.02345
3658.30151,1.02510
3656.37305,1.02388
3654.44458,1.02245
3652.51611,1.02673
3650.58765,1.03082
3648.65918,1.02250
3646.73071,1.01314
3644.80225,1.01482
3642.87378,1.01935
3640.94531,1.02200
3639.01685,1.02285
3637.08838,1.02378
3635.15991,1.02490
3633.23145,1.02646
3631.30298,1.02953
3629.37451,1.02860
3627.44604,1.02009
3625.51758,1.01916
3623.58911,1.02463
3621.66064,1.02964
3619.73218,1.03004
3617.80371,1.02610
3615.87524,1.02580
3613.94678,1.02785
3612.01831,1.02836
3610.08984,1.02896
3608.16138,1.02843
3606.23291,1.02718
3604.30444,1.02926
3602.37598,1.03266
3600.44751,1.03369
3598.51904,1.03348
3596.59058,1.03405
3594.66211,1.03375
3592.73364,1.03361
3590.80518,1.03674
3588.87671,1.03986
3586.94824,1.03668
3585.01978,1.03306
3583.09131,1.03499
3581.16284,1.03794
3579.23438,1.03935
3577.30591,1.03984
3575.37744,1.04015
3573.44897,1.04080
3571.52051,1.04304
3569.59204,1.04654
3567.66357,1.04657
3565.73511,1.04107
3563.80664,1.03928
3561.87817,1.04176
3559.94971,1.04356
3558.02124,1.04438
3556.09277,1.04592
3554.16431,1.04745
3552.23584,1.04736
3550.30737,1.04726
3548.37891,1.04884
3546.45044,1.04936
3544.52197,1.04753
3542.59351,1.04672
3540.66504,1.04804
3538.73657,1.04991
3536.80811,1.05066
3534.87964,1.05048
3532.95117,1.05115
3531.02271,1.05265
3529.09424,1.05331
3527.16577,1.05300
3525.23730,1.05296
3523.30884,1.05292
3521.38037,1.05277
3519.45190,1.05328
3517.52344,1.05415
3515.59497,1.05508
3513.66650,1.05620
3511.73804,1.05701
3509.80957,1.05678
3507.88110,1.05638
3505.95264,1.05731
3504.02417,1.05815
3502.09570,1.05728
3500.16724,1.05692
3498.23877,1.05804
3496.31030,1.05883
3494.38184,1.05884
3492.45337,1.05914
3490.52490,1.05990
3488.59644,1.06026
3486.66797,1.06021
3484.73950,1.06064
3482.81104,1.06116
3480.88257,1.06085
3478.95410,1.06058
3477.02563,1.06111
3475.09717,1.06160
3473.16870,1.06165
3471.24023,1.06183
3469.31177,1.06223
3467.38330,1.06251
3465.45483,1.06269
3463.52637,1.06293
3461.59790,1.06301
3459.66943,1.06298
3457.74097,1.06316
3455.81250,1.06330
3453.88403,1.06323
3451.95557,1.06340
3450.02710,1.06406
3448.09863,1.06429
3446.17017,1.06351
3444.24170,1.06297
3442.31323,1.06291
3440.38477,1.06273
3438.45630,1.06271
3436.52783,1.06281
3434.59937,1.06274
3432.67090,1.06252
3430.74243,1.06212
3428.81396,1.06169
3426.88550,1.06137
3424.95703,1.06130
3423.02856,1.06136
3421.10010,1.06085
3419.17163,1.05971
3417.24316,1.05897
3415.31470,1.05881
3413.38623,1.05854
3411.45776,1.05795
3409.52930,1.05729
3407.60083,1.05662
3405.67236,1.05588
3403.74390,1.05513
3401.81543,1.05445
3399.88696,1.05387
3397.95850,1.05320
3396.03003,1.05246
3394.10156,1.05181
3392.17310,1.05088
3390.24463,1.04979
3388.31616,1.04912
3386.38770,1.04856
3384.45923,1.04750
3382.53076,1.04630
3380.60229,1.04548
3378.67383,1.04473
3376.74536,1.04371
3374.81689,1.04262
3372.88843,1.04161
3370.95996,1.04073
3369.03149,1.03986
3367.10303,1.03885
3365.17456,1.03761
3363.24609,1.03632
3361.31763,1.03515
3359.38916,1.03410
3357.46069,1.03311
3355.53223,1.03205
3353.60376,1.03094
3351.67529,1.03001
3349.74683,1.02916
3347.81836,1.02826
3345.88989,1.02735
3343.96143,1.02645
3342.03296,1.02553
3340.10449,1.02469
3338.17603,1.02386
3336.24756,1.02284
3334.31909,1.02177
3332.39063,1.02099
3330.46216,1.02042
3328.53369,1.01969
3326.60522,1.01876
3324.67676,1.01781
3322.74829,1.01696
3320.81982,1.01619
3318.89136,1.01546
3316.96289,1.01474
3315.03442,1.01404
3313.10596,1.01337
3311.17749,1.01270
3309.24902,1.01194
3307.32056,1.01116
3305.39209,1.01059
3303.46362,1.01005
3301.53516,1.00936
3299.60669,1.00872
3297.67822,1.00822
3295.74976,1.00778
3293.82129,1.00724
3291.89282,1.00654
3289.96436,1.00579
3288.03589,1.00524
3286.10742,1.00490
3284.17896,1.00453
3282.25049,1.00406
3280.32202,1.00363
3278.39355,1.00322
3276.46509,1.00267
3274.53662,1.00195
3272.60815,1.00130
3270.67969,1.00081
3268.75122,1.00042
3266.82275,1.00011
3264.89429,0.99976
3262.96582,0.99927
3261.03735,0.99875
3259.10889,0.99827
3257.18042,0.99777
3255.25195,0.99720
3253.32349,0.99657
3251.39502,0.99605
3249.46655,0.99566
3247.53809,0.99530
3245.60962,0.99473
3243.68115,0.99397
3241.75269,0.99339
3239.82422,0.99293
3237.89575,0.99231
3235.96729,0.99169
3234.03882,0.99120
3232.11035,0.99072
3230.18188,0.99015
3228.25342,0.98956
3226.32495,0.98902
3224.39648,0.98853
3222.46802,0.98810
3220.53955,0.98763
3218.61108,0.98704
3216.68262,0.98652
3214.75415,0.98602
3212.82568,0.98541
3210.89722,0.98486
3208.96875,0.98431
3207.04028,0.98373
3205.11182,0.98323
3203.18335,0.98273
3201.25488,0.98226
3199.32642,0.98178
3197.39795,0.98117
3195.46948,0.98055
3193.54102,0.98010
3191.61255,0.97964
3189.68408,0.97908
3187.75562,0.97858
3185.82715,0.97808
3183.89868,0.97747
3181.97021,0.97695
3180.04175,0.97654
3178.11328,0.97591
3176.18481,0.97518
3174.25635,0.97471
3172.32788,0.97440
3170.39941,0.97408
3168.47095,0.97369
3166.54248,0.97319
3164.61401,0.97265
3162.68555,0.97218
3160.75708,0.97179
3158.82861,0.97139
3156.90015,0.97092
3154.97168,0.97039
3153.04321,0.96988
3151.11475,0.96947
3149.18628,0.96913
3147.25781,0.96878
3145.32935,0.96838
3143.40088,0.96791
3141.47241,0.96736
3139.54395,0.96688
3137.61548,0.96658
3135.68701,0.96633
3133.75854,0.96584
3131.83008,0.96519
3129.90161,0.96480
3127.97314,0.96461
3126.04468,0.96429
3124.11621,0.96384
3122.18774,0.96336
3120.25928,0.96297
3118.33081,0.96266
3116.40234,0.96221
3114.47388,0.96162
3112.54541,0.96110
3110.61694,0.96069
3108.68848,0.96037
3106.76001,0.96016
3104.83154,0.95999
3102.90308,0.95969
3100.97461,0.95917
3099.04614,0.95866
3097.11768,0.95830
3095.18921,0.95786
3093.26074,0.95742
3091.33228,0.95713
3089.40381,0.95684
3087.47534,0.95648
3085.54688,0.95611
3083.61841,0.95573
3081.68994,0.95532
3079.76147,0.95490
3077.83301,0.95452
3075.90454,0.95423
3073.97607,0.95398
3072.04761,0.95372
3070.11914,0.95349
3068.19067,0.95327
3066.26221,0.95283
3064.33374,0.95216
3062.40527,0.95153
3060.47681,0.95117
3058.54834,0.95099
3056.61987,0.95067
3054.69141,0.95018
3052.76294,0.94987
3050.83447,0.94972
3048.90601,0.94940
3046.97754,0.94894
3045.04907,0.94855
3043.12061,0.94825
3041.19214,0.94795
3039.26367,0.94768
3037.33521,0.94748
3035.40674,0.94728
3033.47827,0.94696
3031.54980,0.94641
3029.62134,0.94591
3027.69287,0.94576
3025.76440,0.94567
3023.83594,0.94533
3021.90747,0.94494
3019.97900,0.94471
3018.05054,0.94458
3016.12207,0.94441
3014.19360,0.94417
3012.26514,0.94384
3010.33667,0.94346
3008.40820,0.94318
3006.47974,0.94307
3004.55127,0.94290
3002.62280,0.94263
3000.69434,0.94241
2998.76587,0.94227
2996.83740,0.94214
2994.90894,0.94198
2992.98047,0.94174
2991.05200,0.94150
2989.12354,0.94132
2987.19507,0.94117
2985.26660,0.94103
2983.33813,0.94086
2981.40967,0.94067
2979.48120,0.94050
2977.55273,0.94034
2975.62427,0.94014
2973.69580,0.93991
2971.76733,0.93974
2969.83887,0.93968
2967.91040,0.93963
2965.98193,0.93946
2964.05347,0.93919
2962.12500,0.93889
2960.19653,0.93860
2958.26807,0.93840
2956.33960,0.93827
2954.41113,0.93813
2952.48267,0.93796
2950.55420,0.93776
2948.62573,0.93752
2946.69727,0.93727
2944.76880,0.93705
2942.84033,0.93688
2940.91187,0.93674
2938.98340,0.93668
2937.05493,0.93672
2935.12646,0.93674
2933.19800,0.93671
2931.26953,0.93670
2929.34106,0.93669
2927.41260,0.93659
2925.48413,0.93636
2923.55566,0.93602
2921.62720,0.93559
2919.69873,0.93506
2917.77026,0.93447
2915.84180,0.93381
2913.91333,0.93309
2911.98486,0.93235
2910.05640,0.93164
2908.12793,0.93099
2906.19946,0.93041
2904.27100,0.92985
2902.34253,0.92932
2900.41406,0.92883
2898.48560,0.92838
2896.55713,0.92791
2894.62866,0.92745
2892.70020,0.92708
2890.77173,0.92668
2888.84326,0.92618
2886.91479,0.92569
2884.98633,0.92531
2883.05786,0.92498
2881.12939,0.92463
2879.20093,0.92433
2877.27246,0.92404
2875.34399,0.92369
2873.41553,0.92331
2871.48706,0.92300
2869.55859,0.92275
2867.63013,0.92245
2865.70166,0.92209
2863.77319,0.92176
2861.84473,0.92146
2859.91626,0.92122
2857.98779,0.92104
2856.05933,0.92083
2854.13086,0.92054
2852.20239,0.92015
2850.27393,0.91964
2848.34546,0.91903
2846.41699,0.91839
2844.48853,0.91782
2842.56006,0.91734
2840.63159,0.91688
2838.70313,0.91636
2836.77466,0.91577
2834.84619,0.91522
2832.91772,0.91475
2830.98926,0.91429
2829.06079,0.91381
2827.13232,0.91336
2825.20386,0.91301
2823.27539,0.91266
2821.34692,0.91224
2819.41846,0.91185
2817.48999,0.91158
2815.56152,0.91133
2813.63306,0.91097
2811.70459,0.91054
2809.77612,0.91013
2807.84766,0.90977
2805.91919,0.90943
2803.99072,0.90911
2802.06226,0.90877
2800.13379,0.90839
2798.20532,0.90799
2796.27686,0.90763
2794.34839,0.90734
2792.41992,0.90706
2790.49146,0.90675
2788.56299,0.90646
2786.63452,0.90615
2784.70605,0.90574
2782.77759,0.90534
2780.84912,0.90504
2778.92065,0.90476
2776.99219,0.90445
2775.06372,0.90416
2773.13525,0.90387
2771.20679,0.90357
2769.27832,0.90329
2767.34985,0.90303
2765.42139,0.90269
2763.49292,0.90225
2761.56445,0.90181
2759.63599,0.90150
2757.70752,0.90127
2755.77905,0.90102
2753.85059,0.90070
2751.92212,0.90035
2749.99365,0.89996
2748.06519,0.89961
2746.13672,0.89925
2744.20825,0.89888
2742.27979,0.89857
2740.35132,0.89833
2738.42285,0.89807
2736.49438,0.89780
2734.56592,0.89751
2732.63745,0.89720
2730.70898,0.89691
2728.78052,0.89662
2726.85205,0.89624
2724.92358,0.89585
2722.99512,0.89555
2721.06665,0.89528
2719.13818,0.89497
2717.20972,0.89463
2715.28125,0.89429
2713.35278,0.89397
2711.42432,0.89362
2709.49585,0.89324
2707.56738,0.89287
2705.63892,0.89252
2703.71045,0.89218
2701.78198,0.89187
2699.85352,0.89161
2697.92505,0.89135
2695.99658,0.89105
2694.06812,0.89072
2692.13965,0.89035
2690.21118,0.89003
2688.28271,0.88980
2686.35425,0.88953
2684.42578,0.88922
2682.49731,0.88888
2680.56885,0.88855
2678.64038,0.88820
2676.71191,0.88786
2674.78345,0.88752
2672.85498,0.88715
2670.92651,0.88680
2668.99805,0.88648
2667.06958,0.88622
2665.14111,0.88596
2663.21265,0.88567
2661.28418,0.88535
2659.35571,0.88497
2657.42725,0.88457
2655.49878,0.88423
2653.57031,0.88395
2651.64185,0.88367
2649.71338,0.88337
2647.78491,0.88307
2645.85645,0.88276
2643.92798,0.88243
2641.99951,0.88213
2640.07104,0.88184
2638.14258,0.88150
2636.21411,0.88112
2634.28564,0.88077
2632.35718,0.88044
2630.42871,0.88008
2628.50024,0.87972
2626.57178,0.87943
2624.64331,0.87918
2622.71484,0.87892
2620.78638,0.87861
2618.85791,0.87827
2616.92944,0.87793
2615.00098,0.87761
2613.07251,0.87729
2611.14404,0.87700
2609.21558,0.87675
2607.28711,0.87643
2605.35864,0.87604
2603.43018,0.87566
2601.50171,0.87533
2599.57324,0.87498
2597.64478,0.87462
2595.71631,0.87427
2593.78784,0.87394
2591.85938,0.87368
2589.93091,0.87348
2588.00244,0.87322
2586.07397,0.87286
2584.14551,0.87248
2582.21704,0.87212
2580.28857,0.87177
2578.36011,0.87143
2576.43164,0.87109
2574.50317,0.87077
2572.57471,0.87051
2570.64624,0.87027
2568.71777,0.86999
2566.78931,0.86967
2564.86084,0.86934
2562.93237,0.86903
2561.00391,0.86870
2559.07544,0.86832
2557.14697,0.86795
2555.21851,0.86763
2553.29004,0.86736
2551.36157,0.86711
2549.43311,0.86682
2547.50464,0.86647
2545.57617,0.86612
2543.64771,0.86581
2541.71924,0.86551
2539.79077,0.86520
2537.86230,0.86486
2535.93384,0.86450
2534.00537,0.86418
2532.07690,0.86391
2530.14844,0.86363
2528.21997,0.86332
2526.29150,0.86303
2524.36304,0.86276
2522.43457,0.86248
2520.50610,0.86214
2518.57764,0.86176
2516.64917,0.86143
2514.72070,0.86114
2512.79224,0.86085
2510.86377,0.86055
2508.93530,0.86026
2507.00684,0.85998
2505.07837,0.85967
2503.14990,0.85933
2501.22144,0.85900
2499.29297,0.85872
2497.36450,0.85844
2495.43604,0.85811
2493.50757,0.85773
2491.57910,0.85735
2489.65063,0.85700
2487.72217,0.85665
2485.79370,0.85634
2483.86523,0.85608
2481.93677,0.85585
2480.00830,0.85557
2478.07983,0.85522
2476.15137,0.85485
2474.22290,0.85449
2472.29443,0.85415
2470.36597,0.85387
2468.43750,0.85359
2466.50903,0.85331
2464.58057,0.85305
2462.65210,0.85281
2460.72363,0.85254
2458.79517,0.85221
2456.86670,0.85186
2454.93823,0.85152
2453.00977,0.85117
2451.08130,0.85081
2449.15283,0.85048
2447.22437,0.85022
2445.29590,0.84997
2443.36743,0.84969
2441.43896,0.84935
2439.51050,0.84899
2437.58203,0.84866
2435.65356,0.84836
2433.72510,0.84808
2431.79663,0.84780
2429.86816,0.84745
2427.93970,0.84705
2426.01123,0.84669
2424.08276,0.84637
2422.15430,0.84608
2420.22583,0.84580
2418.29736,0.84553
2416.36890,0.84525
2414.44043,0.84496
2412.51196,0.84467
2410.58350,0.84434
2408.65503,0.84394
2406.72656,0.84355
2404.79810,0.84322
2402.86963,0.84291
2400.94116,0.84259
2399.01270,0.84231
2397.08423,0.84207
2395.15576,0.84184
2393.22729,0.84160
2391.29883,0.84133
2389.37036,0.84105
2387.44189,0.84081
2385.51343,0.84065
2383.58496,0.84052
2381.65649,0.84036
2379.72803,0.84010
2377.79956,0.83970
2375.87109,0.83910
2373.94263,0.83819
2372.01416,0.83695
2370.08569,0.83550
2368.15723,0.83398
2366.22876,0.83246
2364.30029,0.83090
2362.37183,0.82937
2360.44336,0.82785
2358.51489,0.82635
2356.58643,0.82507
2354.65796,0.82423
2352.72949,0.82401
2350.80103,0.82554
2348.87256,0.82892
2346.94409,0.83185
2345.01563,0.83164
2343.08716,0.82903
2341.15869,0.82714
2339.23022,0.82637
2337.30176,0.82604
2335.37329,0.82583
2333.44482,0.82565
2331.51636,0.82522
2329.58789,0.82457
2327.65942,0.82426
2325.73096,0.82445
2323.80249,0.82460
2321.87402,0.82436
2319.94556,0.82409
2318.01709,0.82420
2316.08862,0.82460
2314.16016,0.82482
2312.23169,0.82466
2310.30322,0.82445
2308.37476,0.82442
2306.44629,0.82453
2304.51782,0.82470
2302.58936,0.82485
2300.66089,0.82485
2298.73242,0.82475
2296.80396,0.82463
2294.87549,0.82451
2292.94702,0.82434
2291.01855,0.82413
2289.09009,0.82392
2287.16162,0.82373
2285.23315,0.82360
2283.30469,0.82349
2281.37622,0.82329
2279.44775,0.82295
2277.51929,0.82258
2275.59082,0.82222
2273.66235,0.82189
2271.73389,0.82161
2269.80542,0.82133
2267.87695,0.82099
2265.94849,0.82063
2264.02002,0.82031
2262.09155,0.82002
2260.16309,0.81972
2258.23462,0.81939
2256.30615,0.81907
2254.37769,0.81881
2252.44922,0.81861
2250.52075,0.81839
2248.59229,0.81812
2246.66382,0.81781
2244.73535,0.81748
2242.80688,0.81717
2240.87842,0.81684
2238.94995,0.81650
2237.02148,0.81615
2235.09302,0.81583
2233.16455,0.81556
2231.23608,0.81531
2229.30762,0.81506
2227.37915,0.81477
2225.45068,0.81447
2223.52222,0.81417
2221.59375,0.81385
2219.66528,0.81351
2217.73682,0.81315
2215.80835,0.81281
2213.87988,0.81250
2211.95142,0.81224
2210.02295,0.81199
2208.09448,0.81172
2206.16602,0.81141
2204.23755,0.81107
2202.30908,0.81072
2200.38062,0.81041
2198.45215,0.81012
2196.52368,0.80984
2194.59521,0.80957
2192.66675,0.80932
2190.73828,0.80902
2188.80981,0.80867
2186.88135,0.80832
2184.95288,0.80801
2183.02441,0.80775
2181.09595,0.80750
2179.16748,0.80724
2177.23901,0.80697
2175.31055,0.80671
2173.38208,0.80645
2171.45361,0.80616
2169.52515,0.80581
2167.59668,0.80544
2165.66821,0.80509
2163.73975,0.80479
2161.81128,0.80454
2159.88281,0.80431
2157.95435,0.80408
2156.02588,0.80381
2154.09741,0.80352
2152.16895,0.80320
2150.24048,0.80287
2148.31201,0.80254
2146.38354,0.80222
2144.45508,0.80196
2142.52661,0.80175
2140.59814,0.80153
2138.66968,0.80129
2136.74121,0.80097
2134.81274,0.80061
2132.88428,0.80026
2130.95581,0.79996
2129.02734,0.79968
2127.09888,0.79941
2125.17041,0.79915
2123.24194,0.79891
2121.31348,0.79868
2119.38501,0.79844
2117.45654,0.79817
2115.52808,0.79786
2113.59961,0.79750
2111.67114,0.79719
2109.74268,0.79689
2107.81421,0.79658
2105.88574,0.79632
2103.95728,0.79608
2102.02881,0.79580
2100.10034,0.79550
2098.17188,0.79521
2096.24341,0.79491
2094.31494,0.79461
2092.38647,0.79436
2090.45801,0.79405
2088.52954,0.79368
2086.60107,0.79340
2084.67261,0.79320
2082.74414,0.79297
2080.81567,0.79273
2078.88721,0.79249
2076.95874,0.79223
2075.03027,0.79195
2073.10181,0.79164
2071.17334,0.79135
2069.24487,0.79119
2067.31641,0.79107
2065.38794,0.79069
2063.45947,0.79015
2061.53101,0.78984
2059.60254,0.78965
2057.67407,0.78941
2055.74561,0.78918
2053.81714,0.78894
2051.88867,0.78869
2049.96021,0.78846
2048.03174,0.78822
2046.10327,0.78796
2044.17480,0.78771
2042.24634,0.78734
2040.31787,0.78683
2038.38940,0.78649
2036.46094,0.78634
2034.53247,0.78616
2032.60400,0.78594
2030.67554,0.78577
2028.74707,0.78559
2026.81860,0.78537
2024.89014,0.78510
2022.96167,0.78483
2021.03320,0.78467
2019.10474,0.78454
2017.17627,0.78400
2015.24780,0.78333
2013.31934,0.78318
2011.39087,0.78326
2009.46240,0.78316
2007.53394,0.78289
2005.60547,0.78260
2003.67700,0.78236
2001.74854,0.78212
1999.82007,0.78178
1997.89160,0.78143
1995.96313,0.78138
1994.03467,0.78145
1992.10620,0.78083
1990.17773,0.77992
1988.24927,0.77958
1986.32080,0.77950
1984.39233,0.77941
1982.46387,0.77926
1980.53540,0.77894
1978.60693,0.77856
1976.67847,0.77819
1974.75000,0.77787
1972.82153,0.77764
1970.89307,0.77767
1968.96460,0.77771
1967.03613,0.77702
1965.10767,0.77619
1963.17920,0.77607
1961.25073,0.77608
1959.32227,0.77579
1957.39380,0.77549
1955.46533,0.77512
1953.53687,0.77468
1951.60840,0.77444
1949.67993,0.77441
1947.75146,0.77444
1945.82300,0.77455
1943.89453,0.77418
1941.96606,0.77275
1940.03760,0.77180
1938.10913,0.77207
1936.18066,0.77231
1934.25220,0.77210
1932.32373,0.77175
1930.39526,0.77144
1928.46680,0.77130
1926.53833,0.77153
1924.60986,0.77162
1922.68140,0.77076
1920.75293,0.77016
1918.82446,0.76984
1916.89600,0.76862
1914.96753,0.76811
1913.03906,0.76883
1911.11060,0.76912
1909.18213,0.76836
1907.25366,0.76751
1905.32520,0.76732
1903.39673,0.76731
1901.46826,0.76711
1899.53979,0.76703
1897.61133,0.76707
1895.68286,0.76662
1893.75439,0.76606
1891.82593,0.76619
1889.89746,0.76563
1887.96899,0.76428
1886.04053,0.76399
1884.11206,0.76412
1882.18359,0.76392
1880.25513,0.76370
1878.32666,0.76347
1876.39819,0.76322
1874.46973,0.76327
1872.54126,0.76410
1870.61279,0.76471
1868.68433,0.76261
1866.75586,0.75967
1864.82739,0.75957
1862.89893,0.76064
1860.97046,0.76100
1859.04199,0.76075
1857.11353,0.76042
1855.18506,0.76024
1853.25659,0.76014
1851.32813,0.76019
1849.39966,0.76051
1847.47119,0.76109
1845.54272,0.76073
1843.61426,0.75792
1841.68579,0.75638
1839.75732,0.75755
1837.82886,0.75835
1835.90039,0.75807
1833.97192,0.75855
1832.04346,0.75965
1830.11499,0.75861
1828.18652,0.75651
1826.25806,0.75621
1824.32959,0.75570
1822.40112,0.75513
1820.47266,0.75570
1818.54419,0.75607
1816.61572,0.75583
1814.68726,0.75598
1812.75879,0.75628
1810.83032,0.75539
1808.90186,0.75408
1806.97339,0.75397
1805.04492,0.75480
1803.11646,0.75550
1801.18799,0.75472
1799.25952,0.75317
1797.33105,0.75324
1795.40259,0.75481
1793.47412,0.75517
1791.54565,0.75221
1789.61719,0.75059
1787.68872,0.75225
1785.76025,0.75368
1783.83179,0.75383
1781.90332,0.75377
1779.97485,0.75332
1778.04639,0.75346
1776.11792,0.75529
1774.18945,0.75682
1772.26099,0.75472
1770.33252,0.75148
1768.40405,0.75101
1766.47559,0.75188
1764.54712,0.75355
1762.61865,0.75396
1760.69019,0.75228
1758.76172,0.75170
1756.83325,0.75145
1754.90479,0.75159
1752.97632,0.75336
1751.04785,0.75353
1749.11938,0.75019
1747.19092,0.74802
1745.26245,0.74832
1743.33398,0.74906
1741.40552,0.74904
1739.47705,0.74808
1737.54858,0.74891
1735.62012,0.75083
1733.69165,0.74761
1731.76318,0.74329
1729.83472,0.74361
1727.90625,0.74486
1725.97778,0.74620
1724.04932,0.74696
1722.12085,0.74791
1720.19238,0.75037
1718.26392,0.75074
1716.33545,0.74501
1714.40698,0.74171
1712.47852,0.74313
1710.55005,0.74553
1708.62158,0.74765
1706.69312,0.74804
1704.76465,0.74708
1702.83618,0.74831
1700.90771,0.74899
1698.97925,0.74559
1697.05078,0.74292
1695.12231,0.74121
1693.19385,0.74227
1691.26538,0.74526
1689.33691,0.74702
1687.40845,0.74883
1685.47998,0.74984
1683.55151,0.74409
1681.62305,0.74074
1679.69458,0.74338
1677.76611,0.74664
1675.83765,0.74765
1673.90918,0.74689
1671.98071,0.74775
1670.05225,0.74728
1668.12378,0.74474
1666.19531,0.74632
1664.26685,0.74922
1662.33838,0.74897
1660.40991,0.74830
1658.48145,0.75085
1656.55298,0.75548
1654.62451,0.75826
1652.69604,0.75094
1650.76758,0.74840
1648.83911,0.75306
1646.91064,0.75297
1644.98218,0.74984
1643.05371,0.75167
1641.12524,0.75509
1639.19678,0.75829
1637.26831,0.75942
1635.33984,0.75436
1633.41138,0.75150
1631.48291,0.75429
1629.55444,0.75674
1627.62598,0.75680
1625.69751,0.75645
1623.76904,0.75521
1621.84058,0.75322
1619.91211,0.75428
1617.98364,0.75521
1616.05518,0.75109
1614.12671,0.74846
1612.19824,0.74960
1610.26978,0.75006
1608.34131,0.74874
1606.41284,0.74740
1604.48438,0.74676
1602.55591,0.74594
1600.62744,0.74491
1598.69897,0.74440
1596.77051,0.74401
1594.84204,0.74303
1592.91357,0.74193
1590.98511,0.74120
1589.05664,0.74051
1587.12817,0.73986
1585.19971,0.73935
1583.27124,0.73881
1581.34277,0.73880
1579.41431,0.74004
1577.48584,0.74003
1575.55737,0.73538
1573.62891,0.73372
1571.70044,0.73601
1569.77197,0.73536
1567.84351,0.73242
1565.91504,0.73231
1563.98657,0.73389
1562.05811,0.73722
1560.12964,0.73934
1558.20117,0.72984
1556.27271,0.72463
1554.34424,0.72661
1552.41577,0.72817
1550.48730,0.72858
1548.55884,0.72876
1546.63037,0.73044
1544.70190,0.73241
1542.77344,0.73256
1540.84497,0.72769
1538.91650,0.72041
1536.98804,0.72221
1535.05957,0.72587
1533.13110,0.72509
1531.20264,0.72369
1529.27417,0.72558
1527.34570,0.72681
1525.41724,0.72638
1523.48877,0.72641
1521.56030,0.72439
1519.63184,0.72200
1517.70337,0.72179
1515.77490,0.72122
1513.84644,0.72194
1511.91797,0.72456
1509.98950,0.72762
1508.06104,0.72699
1506.13257,0.71761
1504.20410,0.71608
1502.27563,0.72025
1500.34717,0.72353
1498.41870,0.72372
1496.49023,0.72096
1494.56177,0.72045
1492.63330,0.72325
1490.70483,0.72468
1488.77637,0.72150
1486.84790,0.71924
1484.91943,0.72048
1482.99097,0.72229
1481.06250,0.72324
1479.13403,0.72424
1477.20557,0.72592
1475.27710,0.72698
1473.34863,0.72514
1471.42017,0.72208
1469.49170,0.72337
1467.56323,0.72673
1465.63477,0.72784
1463.70630,0.72677
1461.77783,0.72833
1459.84937,0.73191
1457.92090,0.73147
1455.99243,0.72519
1454.06396,0.72478
1452.13550,0.72757
1450.20703,0.72958
1448.27856,0.72966
1446.35010,0.72875
1444.42163,0.72891
1442.49316,0.72979
1440.56470,0.73108
1438.63623,0.73228
1436.70776,0.73076
1434.77930,0.72852
1432.85083,0.72950
1430.92236,0.73061
1428.99390,0.73021
1427.06543,0.73048
1425.13696,0.73122
1423.20850,0.73148
1421.28003,0.73215
1419.35156,0.73122
1417.42310,0.72814
1415.49463,0.72786
1413.56616,0.72927
1411.63770,0.72987
1409.70923,0.72990
1407.78076,0.73030
1405.85229,0.73025
1403.92383,0.72947
1401.99536,0.72990
1400.06689,0.73078
1398.13843,0.73048
1396.20996,0.72960
1394.28149,0.72851
1392.35303,0.72867
1390.42456,0.73056
1388.49609,0.73188
1386.56763,0.73146
1384.63916,0.73154
1382.71069,0.73268
1380.78223,0.73352
1378.85376,0.73399
1376.92529,0.73450
1374.99683,0.73407
1373.06836,0.73271
1371.13989,0.73255
1369.21143,0.73313
1367.28296,0.73352
1365.35449,0.73429
1363.42603,0.73426
1361.49756,0.73275
1359.56909,0.73222
1357.64063,0.73290
1355.71216,0.73334
1353.78369,0.73333
1351.85522,0.73346
1349.92676,0.73371
1347.99829,0.73389
1346.06982,0.73418
1344.14136,0.73483
1342.21289,0.73574
1340.28442,0.73582
1338.35596,0.73479
1336.42749,0.73444
1334.49902,0.73511
1332.57056,0.73588
1330.64209,0.73639
1328.71362,0.73683
1326.78516,0.73734
1324.85669,0.73790
1322.92822,0.73856
1320.99976,0.73918
1319.07129,0.73947
1317.14282,0.73967
1315.21436,0.74018
1313.28589,0.74068
1311.35742,0.74112
1309.42896,0.74171
1307.50049,0.74224
1305.57202,0.74266
1303.64355,0.74314
1301.71509,0.74370
1299.78662,0.74430
1297.85815,0.74493
1295.92969,0.74558
1294.00122,0.74633
1292.07275,0.74716
1290.14429,0.74794
1288.21582,0.74858
1286.28735,0.74920
1284.35889,0.74994
1282.43042,0.75075
1280.50195,0.75157
1278.57349,0.75248
1276.64502,0.75350
1274.71655,0.75461
1272.78809,0.75568
1270.85962,0.75665
1268.93115,0.75759
1267.00269,0.75863
1265.07422,0.75976
1263.14575,0.76095
1261.21729,0.76206
1259.28882,0.76311
1257.36035,0.76433
1255.43188,0.76574
1253.50342,0.76719
1251.57495,0.76864
1249.64648,0.77009
1247.71802,0.77156
1245.78955,0.77310
1243.86108,0.77472
1241.93262,0.77640
1240.00415,0.77811
1238.07568,0.77984
1236.14722,0.78166
1234.21875,0.78353
1232.29028,0.78538
1230.36182,0.78728
1228.43335,0.78931
1226.50488,0.79146
1224.57642,0.79372
1222.64795,0.79611
1220.71948,0.79863
1218.79102,0.80129
1216.86255,0.80410
1214.93408,0.80707
1213.00562,0.81017
1211.07715,0.81344
1209.14868,0.81687
1207.22021,0.82041
1205.29175,0.82401
1203.36328,0.82766
1201.43481,0.83137
1199.50635,0.83515
1197.57788,0.83905
1195.64941,0.84304
1193.72095,0.84714
1191.79248,0.85134
1189.86401,0.85565
1187.93555,0.86010
1186.00708,0.86467
1184.07861,0.86930
1182.15015,0.87402
1180.22168,0.87882
1178.29321,0.88368
1176.36475,0.88860
1174.43628,0.89357
1172.50781,0.89857
1170.57935,0.90353
1168.65088,0.90843
1166.72241,0.91328
1164.79395,0.91805
1162.86548,0.92265
1160.93701,0.92711
1159.00854,0.93149
1157.08008,0.93589
1155.15161,0.94031
1153.22314,0.94479
1151.29468,0.94932
1149.36621,0.95383
1147.43774,0.95839
1145.50928,0.96320
1143.58081,0.96837
1141.65234,0.97385
1139.72388,0.97950
1137.79541,0.98521
1135.86694,0.99106
1133.93848,0.99741
1132.01001,1.00458
1130.08154,1.01264
1128.15308,1.02141
1126.22461,1.03066
1124.29614,1.04010
1122.36768,1.04895
1120.43921,1.05618
1118.51074,1.06131
1116.58228,1.06508
1114.65381,1.06888
1112.72534,1.07388
1110.79688,1.08058
1108.86841,1.08898
1106.93994,1.09896
1105.01147,1.11029
1103.08301,1.12271
1101.15454,1.13579
1099.22607,1.14914
1097.29761,1.16267
1095.36914,1.17601
1093.44067,1.18851
1091.51221,1.19983
1089.58374,1.21015
1087.65527,1.21974
1085.72681,1.22867
1083.79834,1.23703
1081.86987,1.24482
1079.94141,1.25199
1078.01294,1.25848
1076.08447,1.26441
1074.15601,1.26967
1072.22754,1.27407
1070.29907,1.27775
1068.37061,1.28075
1066.44214,1.28291
1064.51367,1.28429
1062.58521,1.28536
1060.65674,1.28640
1058.72827,1.28720
1056.79980,1.28742
1054.87134,1.28693
1052.94287,1.28594
1051.01440,1.28474
1049.08594,1.28344
1047.15747,1.28171
1045.22900,1.27947
1043.30054,1.27761
1041.37207,1.27725
1039.44360,1.27880
1037.51514,1.28203
1035.58667,1.28694
1033.65820,1.29358
1031.72974,1.30166
1029.80127,1.31070
1027.87280,1.32034
1025.94434,1.33061
1024.01587,1.34152
1022.08740,1.35310
1020.15894,1.36562
1018.23047,1.37929
1016.30200,1.39372
1014.37354,1.40841
1012.44507,1.42352
1010.51660,1.43958
1008.58813,1.45661
1006.65967,1.47372
1004.73120,1.49026
1002.80273,1.50603
1000.87427,1.52048
998.94580,1.53271
997.01733,1.54192
995.08887,1.54856
993.16040,1.55357
991.23193,1.55795
989.30347,1.56292
987.37500,1.56920
985.44653,1.57668
983.51807,1.58471
981.58960,1.59272
979.66113,1.60080
977.73267,1.60907
975.80420,1.61706
973.87573,1.62349
971.94727,1.62623
970.01880,1.62268
968.09033,1.61096
966.16187,1.59065
964.23340,1.56380
962.30493,1.53454
960.37646,1.50698
958.44800,1.48422
956.51953,1.46913
954.59106,1.46521
952.66260,1.47546
950.73413,1.49884
948.80566,1.52684
946.87720,1.54734
944.94873,1.55473
943.02026,1.55246
941.09180,1.54652
939.16333,1.54109
937.23486,1.53853
935.30640,1.53964
933.37793,1.54397
931.44946,1.55105
929.52100,1.56011
927.59253,1.56960
925.66406,1.57847
923.73560,1.58605
921.80713,1.59134
919.87866,1.59406
917.95020,1.59533
916.02173,1.59674
914.09326,1.59935
912.16479,1.60383
910.23633,1.61013
908.30786,1.61809
906.37939,1.62857
904.45093,1.64267
902.52246,1.66024
900.59399,1.68057
898.66553,1.70321
896.73706,1.72721
894.80859,1.75178
892.88013,1.77657
890.95166,1.80055
889.02319,1.82198
887.09473,1.83880
885.16626,1.84825
883.23779,1.84690
881.30933,1.83360
879.38086,1.80949
877.45239,1.77614
875.52393,1.73599
873.59546,1.69216
871.66699,1.64761
869.73853,1.60359
867.81006,1.56076
865.88159,1.51994
863.95313,1.48120
862.02466,1.44419
860.09619,1.40878
858.16772,1.37497
856.23926,1.34221
854.31079,1.30996
852.38232,1.27782
850.45386,1.24593
848.52539,1.21549
846.59692,1.18891
844.66846,1.17001
842.73999,1.16224
840.81152,1.16533
838.88306,1.17282
836.95459,1.17417
835.02612,1.16209
833.09766,1.13747
831.16919,1.10654
829.24072,1.07478
827.31226,1.04490
825.38379,1.01761
823.45532,0.99283
821.52686,0.97028
819.59839,0.94964
817.66992,0.93074
815.74146,0.91338
813.81299,0.89763
811.88452,0.88351
809.95605,0.87070
808.02759,0.85885
806.09912,0.84776
804.17065,0.83732
802.24219,0.82741
800.31372,0.81795
798.38525,0.80877
796.45679,0.79981
794.52832,0.79109
792.59985,0.78258
790.67139,0.77437
788.74292,0.76656
786.81445,0.75913
784.88599,0.75196
782.95752,0.74502
781.02905,0.73827
779.10059,0.73158
777.17212,0.72499
775.24365,0.71872
773.31519,0.71280
771.38672,0.70708
769.45825,0.70159
767.52979,0.69636
765.60132,0.69137
763.67285,0.68664
761.74438,0.68218
759.81592,0.67801
757.88745,0.67409
755.95898,0.67040
754.03052,0.66697
752.10205,0.66401
750.17358,0.66182
748.24512,0.66061
746.31665,0.66027
744.38818,0.65996
742.45972,0.65866
740.53125,0.65637
738.60278,0.65429
736.67432,0.65347
734.74585,0.65424
732.81738,0.65647
730.88892,0.65970
728.96045,0.66286
727.03198,0.66431
725.10352,0.66287
723.17505,0.65871
721.24658,0.65287
719.31812,0.64664
717.38965,0.64109
715.46118,0.63639
713.53271,0.63232
711.60425,0.62889
709.67578,0.62616
707.74731,0.62409
705.81885,0.62260
703.89038,0.62165
701.96191,0.62123
700.03345,0.62131
698.10498,0.62194
696.17651,0.62345
694.24805,0.62609
692.31958,0.62983
690.39111,0.63437
688.46265,0.63909
686.53418,0.64291
684.60571,0.64481
682.67725,0.64461
680.74878,0.64298
678.82031,0.64089
676.89185,0.63879
674.96338,0.63654
673.03491,0.63428
671.10645,0.63232
669.17798,0.62959
667.24951,0.62730
665.32104,0.62893
663.39258,0.63248
661.46411,0.63692
659.53564,0.64293
657.60718,0.65112
655.67871,0.66146
653.75024,0.67344
651.82178,0.68634
649.89331,0.69978
647.96484,0.71358
646.03638,0.72721
644.10791,0.73976
642.17944,0.74982
640.25098,0.75617
638.32251,0.75863
636.39404,0.75820
634.46558,0.75609
632.53711,0.75364
630.60864,0.75211
628.68018,0.75222
626.75171,0.75465
624.82324,0.75983
622.89478,0.76791
620.96631,0.77864
619.03784,0.79167
617.10938,0.80686
615.18091,0.82354
613.25244,0.84072
611.32397,0.85786
609.39551,0.87468
607.46704,0.89080
605.53857,0.90616
603.61011,0.92046
601.68164,0.93322
599.75317,0.94433
597.82471,0.95347
595.89624,0.96048
593.96777,0.96455
592.03931,0.96453
590.11084,0.95992
588.18237,0.95129
586.25391,0.93937
584.32544,0.92514
582.39697,0.91041
580.46851,0.89669
578.54004,0.88582
576.61157,0.87885
574.68311,0.87617
572.75464,0.87771
570.82617,0.88286
568.89771,0.89134
566.96924,0.90240
565.04077,0.91489
563.11230,0.92796
561.18384,0.94139
559.25537,0.95568
557.32690,0.97167
555.39844,0.99035
553.46997,1.01198
551.54150,1.03667
549.61304,1.06485
547.68457,1.09588
545.75610,1.12754
543.82764,1.15697
541.89917,1.18242
539.97070,1.20315
538.04224,1.21918
536.11377,1.23097
534.18530,1.23867
532.25684,1.24262
530.32837,1.24410
528.39990,1.24649
526.47144,1.25478
524.54297,1.27188
522.61450,1.29398
520.68604,1.31595
518.75757,1.33526
516.82910,1.35052
514.90063,1.36167
512.97217,1.36919
511.04370,1.37381
509.11523,1.37603
507.18677,1.37633
505.25830,1.37613
503.32983,1.37715
501.40137,1.38012
499.47290,1.38292
497.54443,1.38206
495.61597,1.37474
493.68750,1.35986
491.75903,1.33778
489.83057,1.30987
487.90210,1.27798
485.97363,1.24264
484.04517,1.20498
482.11670,1.16800
480.18823,1.13429
478.25977,1.10453
476.33130,1.08002
474.40283,1.06099
472.47437,1.04632
470.54590,1.03850
468.61743,1.03649
466.68896,1.03426
464.76050,1.03025
462.83203,1.02709
460.90356,1.02531
458.97510,1.02272
457.04663,1.01788
455.11816,1.01290
453.18970,1.00822
451.26123,1.00380
449.33276,1.00203
447.40430,1.00334
445.47583,1.00633
443.54736,1.01015
441.61890,1.01480
439.69043,1.02039
437.76196,1.02768
435.83350,1.03763
433.90503,1.04943
431.97656,1.06194
430.04810,1.07530
428.11963,1.08997
426.19116,1.10673
424.26270,1.12516
422.33423,1.14146
420.40576,1.15704
418.47729,1.18277
416.54883,1.21105
414.62036,1.23332
412.69189,1.25595
410.76343,1.27739
408.83496,1.29450
406.90649,1.30549
404.97803,1.30536
403.04956,1.29406
401.12109,1.28073
399.19263,1.26976
397.26416,1.24612
395.33569,1.20795
393.40723,1.17524
391.47876,1.14801
389.55029,1.11974
387.62183,1.09143
385.69336,1.06825
383.76489,1.05203
381.83643,1.03730
379.90796,1.01880
377.97949,0.99923
376.05103,0.98564
374.12256,0.98238
372.19409,0.98423
370.26563,0.99422
368.33716,1.00330
366.40869,0.99967
364.48022,1.00006
362.55176,1.01547
360.62329,1.03600
358.69482,1.04164
356.76636,1.02331
354.83789,1.00081
352.90942,0.94329
350.98096,0.81648
349.05249,0.78745
347.12402,0.86130
345.19556,0.92356
343.26709,0.98657
341.33862,1.24447
339.41016,1.11644
337.48169,0.97479
335.55322,0.93494
333.62476,0.84573
331.69629,0.55795
329.76782,0.50692
327.83936,0.60613
325.91089,0.73498
323.98242,0.47430
322.05396,0.68834
320.12549,0.85732
318.19702,0.55390
316.26855,0.42324
314.34009,0.37330
312.41162,0.48698
310.48315,0.56865
308.55469,0.57065
306.62622,0.49026
304.69775,0.48474
302.76929,0.50352
300.84082,0.44684
